0 0.441558 0.686147 0.147727 0.551227
1 0.158685 0.384560 0.047890 0.222222
1 0.436282 0.660173 0.054383 0.112554
1 0.446023 0.318182 0.059253 0.129870
1 0.650568 0.456710 0.051136 0.219336
1 0.716721 0.347763 0.045455 0.197691
1 0.963880 0.871934 0.072240 0.256132
1 0.113636 0.496392 0.063312 0.240981
1 0.068994 0.632756 0.074675 0.239538
1 0.084821 0.358586 0.056006 0.158730
1 0.021916 0.536797 0.043831 0.232323
1 0.495130 0.129149 0.027597 0.072150
1 0.423701 0.123377 0.042208 0.080808
1 0.609984 0.124098 0.043019 0.073593
1 0.823864 0.108225 0.035714 0.154401