1 0.51942 0.2999733333333333 0.05083999999999992 0.07727999999999997
0 0.4913100000000001 0.31060000000000004 0.19462000000000013 0.17853333333333338
1 0.93332 0.4256666666666667 0.0506400000000001 0.08866666666666667
0 0.912 0.43866666666666665 0.172 0.2
1 0.60115 0.4713733333333333 0.034299999999999956 0.046746666666666596
0 0.64411 0.49189333333333335 0.29622000000000004 0.21045333333333338
0 0.066 0.5733333333333334 0.132 0.23466666666666666
1 0.66588 0.57972 0.059759999999999994 0.09277333333333339
0 0.6136 0.59504 0.31520000000000004 0.23541333333333325
1 0.71575 0.7344400000000001 0.0835 0.10888000000000012
0 0.6695399999999999 0.74388 0.34307999999999994 0.25575999999999993